166
1036
434
522
1538
1016
321
728
1552
1217
956
1572
669
682
1193
911
1627
407
1369
1910
1180
906
558
290
592
1264
1167
887
210
687
904
1921
1472
603
561
1595
1134
831
1168
948
1347
827
784
981
1967
1921
315
656
140
960
572
131
1211
1774
165
854
835
1395
1232
536
558
1027
860
1500
1620
1801
1165
1221
104
494
856
1543
1592
598
1250
583
619
1438
320
828
1472
637
1367
1388
1107
907
1762
1785
604
1571
621
1774
1159
1029
973
856
1816
1132
1658
672
542
1462
1572
1738
365
1053
1388
1527
890
749
1016
195
1759
781
1300
1913
1051
198
1052
533
1820
1949
453
1803
1998
1329
937
1258
956
1017
1522
1498
1612
360
839
1259
1546
1740
2088
1226
336
269
1352
555
1238
1059
1798
1294
285
473
213
1802
1359
998
165
453
1281
907
1583
137
159
2006
2042
479
683
343
1469
1679
1641
1880
568
215
1021
864
465
317
938
1105
874
1360
646
628
654
1527
1468
934
1018
1184
449
615
1228
799
1884
1141
1479
574
601
1711
1624
1575
604
752
1308
1166
451
1542
1125
301
798
182
164
351
986
2099
1372
484
1640
948
1551
1549
380
994
1921
1175
1401
1936
637
666
885
542
518
829
739
590
1498
1911
1737
1449
484
826
1467
764
795
388
448
1007
1227
791
884
487
337
1236
581
1307
1310
973
747
898
572
935
458
2066
1458
347
667
1818
1228
627
1521
1725
2221
702
632
452
1328
459
1501
157
1746
956
1103
900
1335
728
780
1564
847
2323
478
1191
1203
1269
943
392
1257
818
159
972
1094
509
647
719
1105
1308
1909
1582
338
1742
1189
810
546
109
1565
1079
1374
1094
983
1199
1632
1189
1105
654
1437
826
1434
1018
1416
962
1025
480
207
910
1276
1432
1592
289
1026
1965
512
440
203
938
343
1371
1406
1108
460
795
1435
338
257
1097
317
1625
1878
1131
1534
954
697
1447
1184
1731
295
1508
1887
283
637
1052
1366
645
1205
1528
1749
197
791
1453
1236
1390
628
1176
227
1561
1472
1140
487
1850
492
629
1844
1492
1245
1514
1272
1033
754
1162
384
746
929
743
1663
1511
1047
437
1036
2027
1531
860
548
1427
925
865
1861
1624
593
1473
1378
834
1476
1596
464
792
202
987
1981
1634
1802
1673
901
1033
614
326
1519
1945
346
1016
110
1031
716
2046
1883
347
411
639
830
2213
435
1135
1272
915
801
156
1023
463
367
620
758
604
2100
487
653
1585
878
1102
930
312
1617
1255
746
98
1301
696
1420
1309
1530
1314
1010
192
1712
1221
1305
914
788
1234
916
948
1577
1789
497
1147
789
1004
271
692
941
2024
1545
1349
596
1305
1839
247
1567
1219
2101
780
2045
1632
914
1125
1531
1125
2700
1413
1833
513
710
1153
993
765
278
1179
950
1314
1202
2120
1262
765
968
570
577
1405
1236
1606
928
185
1175
959
292
1429
976
671
1187
1643
892
1303
495
313
1697
677
158
1046
1631
750
1113
269
1360
1464
1209
1894
1145
1540
1238
2147
663
908
691
1415
1507
1384
1018
533
1295
1331
1286
269
131
581
142
576
767
1701
164
313
1306
1490
1668
654
1601
990
649
870
974
314
571
1314
1158
1268
658
900
658
120
961
402
1594
338
1291
2193
1277
639
751
1094
1305
1380
566
1605
620
969
632
488
907
506
454
494
554
1680
439
320
1422
944
687
1041
1407
1187
435
816
1763
2031
764
1241
1310
1407
311
883
643
828
734
1608
1244
1345
945
779
1667
679
313
421
291
154
1211
1268
1227
1189
1515
1121
330
944
933
105
1482
503
1832
402
1447
1157
2354
657
716
1153
1158
268
1208
1495
1378
1292
1502
1263
973
817
1634
1343
1114
900
2224
202
1621
2093
600
1145
663
959
2338
306
1228
896
1660
646
2145
858
1272
1215
597
225
1679
822
866
809
1012
1306
718
1082
1028
553
1155
912
1679
427
401
1104
844
1542
782
1022
1789
642
557
1173
889
1919
1861
1010
219
295
2539
817
1947
1064
576
827
996
1188
351
2005
1351
831
1251
2088
277
454
1440
447
2263
636
168
1299
957
624
652
1984
1129
188
841
1782
774
682
215
1046
1136
628
330
401
894
1444
1509
1038
1358
276
643
726
1437
1358
978
1846
568
1601
1026
692
2232
1108
434
1245
1328
1384
608
1404
1951
1469
1162
1044
1405
1768
1379
1018
1036
284
1195
625
1773
447
1758
785
407
2151
713
989
1477
595
969
1097
1401
1494
1868
1150
2402
861
539
514
1470
753
336
1317
101
399
1227
514
1475
391
1542
1882
1610
1854
1958
351
706
913
1247
1801
1139
265
1510
2554
703
1192
1189
188
785
898
1023
2424
317
295
207
1042
581
456
1321
789
801
396
243
559
295
739
2215
766
1531
759
2269
766
984
1434
1379
522
852
1894
1309
146
1858
642
1113
1529
650
322
2058
1487
989
1073
1171
1738
550
578
713
1110
573
102
164
93
104
396
581
984
1237
1476
946
274
1220
513
931
1192
295
891
1015
863
1149
1049
1121
1624
316
1548
214
1902
535
990
1812
1862
1515
1516
1870
857
740
2147
1532
642
1639
897
479
1116
2000
513
388
1960
1310
1347
1429
100
882
1394
598
591
1048
894
765
1155
1035
1941
744
1992
2171
1333
1723
436
879
217
850
609
1170
310
1026
856
2200
541
666
268
1219
585
1310
906
319
1791
2207
2351
1380
1348
400
532
1213
377
721
1864
694
980
1373
862
1131
1328
424
821
813
1706
158
858
1305
1787
152
1153
1124
1028
1588
623
188
752
1642
676
1636
935
1456
1419
856
824
1133
831
155
313
1767
369
1754
999
1038
936
446
676
946
468
1438
1302
724
880
837
1059
1562
1189
1165
435
940
999
808
2256
1342
1088
325
1618
1625
1221
425
965
863
756
1186
162
830
1001
1153
1460
872
1361
690
1793
205
1119
1382
1216
246
549
209
1968
234
667
1545
109
1719
1293
1032
1755
300
530
279
1684
722
895
1509
421
1968
829
1424
1247
1123
209
395
158
561
2109
1184
1242
1611
1100
1930
849
1278
784
1285
470
707
153
673
885
309
2138
2311
744
583
1451
1785
2044
1602
729
1233
1449
1243
393
1038
2595
1638
487
931
97
857
1563
571
530
1972
474
466
1675
1006
1141
688
631
1929
459
208
1266
630
301
1041
1159
682
782
1510
898
998
1009
504
760
450
1246
312
779
481
714
767
389
1018
1974
1086
1209
913
543
446
583
1381
102
491
962
1187
557
1354
1015
648
1032
1678
532
1236
265
1246
1120
1070
860
1230
1544
1219
1478
1462
1907
1941
1661
1873
1181
2213
1304
919
1794
444
468
912
765
2069
1129
455
297
1840
689
2139
2048
1828
1544
295
1270
2036
1334
1123
2706
1283
1337
279
1159
1113
288
1041
2250
1217
1324
938
324
1178
1612
2119
450
636
445
426
1438
1666
506
525
1080
1789
1871
1685
458
1458
452
1830
267
833
1260
167
857
639
1891
1878
1948
978
339
1124
1237
1318
1595
1566
396
122
1008
1455
306
1614
465
2141
1955
1338
605
1483
831
751
275
1999
1722
1025
774
852
1453
1279
1559
270
1026
1710
1113
1206
788
1150
561
416
306
783
864
1374
570
1160
316
400
540
1466
1563
273
110
2118
1584
414
1808
875
1708
780
756
794
1820
457
887
1367
2076
385
919
1484
621
541
711
990
984
620
711
1285
865
631
548
1808
1314
407
1551
849
618
1532
1112
1464
1172
912
711
1124
748
183
951
1135
1669
881
104
92
1631
147
1088
873
1448
489
1748
1262
970
781
1154
1461
1654
2082
2279
475
1448
1985
731
1335
1936
1749
597
1034
1130
194
679
1105
291
859
1427
176
1434
1329
1309
1203
1646
934
622
1913
1981
1351
743
1163
277
928
1591
1306
809
159
1457
1311
328
450
1352
327
449
651
1028
1265
1213
728
1888
539
2010
165
1050
588
670
1743
456
1026
2160
1184
199
1786
1930
2251
1403
911
1541
425
1003
864
433
2102
1197
613
2084
574
284
1189
1666
1203
1910
713
562
1544
1656
1685
821
1771
1379
731
1180
292
1595
230
793
716
1701
884
1346
2028
959
1751
1290
1572
931
468
427
711
1087
1163
1018
949
667
105
2026
1450
1240
752
1808
1508
1374
460
561
600
1267
326
1167
691
242
1890
1837
577
1339
1271
856
430
399
1767
1248
1008
806
1548
1234
1038
1637
1857
176
455
181
1307
1031
1246
706
796
1138
950
1386
439
902
989
1205
902
1171
1076
1284
480
377
144
1528
797
942
716
1188
314
451
357
1321
948
1214
1250
1508
481
1615
961
139
1763
1356
305
144
1115
1144
1361
1267
776
1229
1474
1129
390
1466
1453
679
1291
516
1548
735
887
1416
1383
858
1009
277
2560
741
680
1368
1335
1436
544
1361
910
762
1166
1384
133
1204
1612
1221
1646
785
1629
1258
913
1788
1330
1395
1055
1686
157
123
1197
703
2627
728
1535
1147
1040
604
515
1462
1561
787
1443
657
1226
536
1885
154
747
133
1910
1241
2508
1099
728
294
1336
1170
2334
1206
266
585
1351
240
321
1829
765
1339
591
1393
709
329
1212
454
1083
1483
1201
1843
2282
1954
1919
1306
1732
288
1134
721
272
145
1242
1548
321
868
1462
1156
1407
310
305
1317
1035
482
307
772
1123
1039
1797
999
738
1410
1116
162
1026
189
454
1335
2178
864
747
595
1514
1885
1343
720
1476
598
2097
689
1006
516
958
1766
1202
1537
1940
1289
1674
1593
1895
1707
447
1029
1777
496
535
1730
183
1101
640
909
2068
275
647
1473
1809
853
659
328
103
1110
745
1046
1426
679
1391
659
612
666
278
414
162
583
388
1629
639
1297
779
444
1258
300
816
1412
1179
1262
1486
781
98
491
1522
1442
1865
1186
365
1714
567
1452
1729
615
1626
1329
585
2217
1112
1021
1324
1260
851
1248
793
878
1580
2603
1635
127
1176
1974
1434
327
855
1639
1642
1282
1505
1405
1952
441
457
2046
1886
1800
306
560
1581
391
1825
1895
1158
412
1590
148
1187
904
688
1662
279
1065
1295
1038
1012
1793
930
275
2319
656
943
677
824
438
1758
757
437
1419
149
842
1111
1868
316
1430
1343
153
1301
773
1985
466
561
561
769
324
895
1213
818
1633
456
142
1285
1660
539
1718
907
529
1190
602
2081
824
571
420
863
454
745
1620
670
591
1115
1288
1473
1527
1039
1586
1999
445
1355
921
708
153
158
1524
800
1895
1395
1044
1287
664
187
943
998
743
725
1368
956
1617
807
1881
309
1122
1746
1430
540
1803
879
712
251
1137
2044
1158
1713
633
1353
1626
1726
452
453
157
611
760
1904
1780
475
501
1154
440
543
1299
1869
762
1210
1562
1032
440
307
1200
170
927
1250
272
1180
2124
446
292
1060
2021
792
458
1142
1120
1784
218
1454
1176
738
1327
1237
1180
2033
790
648
331
1524
1284
335
1965
1808
850
2331
1541
1754
864
1526
492
535
2069
926
274
382
1913
1917
913
1816
503
421
1128
1109
1440
837
622
1539
646
1767
693
301
843
153
850
682
893
871
1533
355
1595
2532
1473
482
1011
158
1390
300
437
1383
1539
984
1233
277
1249
204
1830
409
327
639
1715
880
2347
1467
2074
1147
1103
1007
1717
318
1904
650
1395
1812
1814
1479
801
914
1209
453
1582
1033
518
1677
1338
1315
223
2047
1314
959
1203
1597
1227
545
1186
1314
1238
430
290
827
1101
977
542
1087
1685
923
1127
1310
206
450
1304
1303
649
2056
891
1706
718
2060
383
1633
726
155
203
443
3218
1262
2401
546
1065
258
1558
1046
352
776
1094
384
717
1490
159
897
852
289
1731
538
1058
1358
1005
2152
251
903
901
1379
544
1427
814
1141
107
798
646
1159
933
1545
1513
1459
2086
1269
830
819
1212
711
891
1632
874
277
1185
1123
1297
1122
933
1058
1368
913
1023
582
270
1064
719
598
472
1376
2560
1266
307
1910
1212
1320
1602
1011
1401
1698
373
1520
1049
285
700
1231
2324
966
1268
1769
2786
481
840
2171
127
900
2177
106
1621
1079
460
1662
276
2346
1053
1003
914
2582
427
914
1060
1918
411
2172
720
1556
2066
1309
1013
360
872
1004
682
1376
708
2098
2036
1610
704
1736
87
1328
2080
1111
722
555
155
1927
1480
2062
997
1386
709
1476
310
1627
319
320
462
780
782
1134
613
725
1723
1449
1445
1000
1442
1359
536
459
1120
1281
1116
199
103
510
2224
1405
2005
1552
1498
541
1236
883
524
160
1855
1379
193
855
478
1255
2237
404
858
797
1299
862
1542
1192
969
1210
799
927
690
980
460
1043
1356
707
1526
926
1285
1682
2447
1456
308
760
1270
1378
1500
1227
1539
1083
910
303
1645
2508
320
1634
1416
1599
319
1170
1174
492
1682
1020
460
737
1323
871
482
996
1362
151
716
616
2197
1090
469
397
2654
595
1508
1979
2041
1518
600
1599
880
1180
1134
1647
2709
273
655
946
400
789
510
1164
592
1850
1473
1281
483
1045
441
1349
611
889
1612
409
1344
546
1150
932
377
1313
959
1271
1038
1522
548
425
443
1011
744
2137
1463
1170
392
1484
734
1099
431
304
644
1159
2667
1206
1289
216
748
438
1458
546
482
1152
600
2148
397
502
314
674
950
1900
1516
1374
1578
1416
506
1238
2421
2017
2199
1112
1321
1353
302
103
911
913
1451
918
2238
1341
660
569
166
436
517
1758
800
783
811
1158
1680
1820
1302
906
976
1173
310
160
1619
583
497
471
1511
1446
863
947
957
897
1167
816
472
1271
600
152
899
931
665
1239
1412
1500
883
453
593
893
1420
1435
697
1195
464
1004
572
1398
790
846
1205
1724
1842
1474
188
742
1946
1223
311
1083
113
1342
1759
394
1785
295
1323
504
784
1768
492
170
888
1072
797
1255
1854
1077
1285
1151
1250
318
1533
1169
1374
1567
856
787
421
102
2160
1860
1050
432
1863
193
1628
401
1186
1146
784
1796
800
1356
1268
1725
1111
571
1173
2110
1758
1604
518
154
434
858
1742
1394
1275
1448
921
1284
853
538
1873
1248
671
1010
797
1305
1192
1070
1600
2341
1665
487
410
1898
1355
564
602
1231
659
1462
1499
1069
145
851
1656
1280
236
1833
274
1556
1164
1208
1183
1839
1263
2134
1112
505
733
1305
1309
316
445
1035
1118
1553
2023
1377
615
1269
104
655
838
1492
1469
160
1173
1051
1783
1365
843
775
2217
2723
1374
1466
1199
749
384
1053
508
828
1021
289
1003
1648
2190
1021
898
1248
1899
1659
576
995
1268
1489
103
1019
1481
290
1524
274
305
276
1507
1077
1380
1026
584
154
158
749
1352
1113
745
121
2401
574
879
1859
453
1446
1003
1132
1259
2026
847
1024
791
1272
1582
1594
661
320
1015
1569
365
926
338
1894
971
1228
560
961
269
363
301
1889
160
1623
455
521
238
341
905
1612
693
1476
1608
1332
1238
927
795
1589
860
2195
1048
295
1032
437
1199
594
1291
1626
1035
326
1236
382
1098
2015
103
1611
449
705
472
562
1620
1124
107
698
458
1206
761
1332
1025
477
523
1347
987
909
1977
1854
823
606
591
2440
319
440
1417
1556
104
787
685
1331
644
1454
1598
1197
157
980
406
1330
877
394
938
1176
1241
646
1116
881
1565
713
611
186
809
1945
1312
154
477
467
1346
1497
2189
619
1408
974
1369
639
803
592
931
578
1621
1553
426
201
1973
1032
1645
903
1512
545
872
1090
1487
1367
2032
563
344
836
1386
829
1017
1588
158
1119
335
905
1449
2046
1677
370
585
1031
123
482
1263
383
2032
458
154
1603
1170
1802
1930
1460
1165
1811
1517
939
300
627
294
933
1678
2086
268
1230
1447
2625
1247
727
1019
495
205
1578
1239
1803
1425
1461
379
1757
618
610
593
1049
1821
1259
150
227
1296
1085
1864
840
463
425
505
158
1796
1204
2019
924
826
540
1118
479
157
584
1135
688
1720
889
1154
1444
2594
1218
1880
159
1387
798
293
318
1144
1432
156
763
1072
1019
1164
957
1182
536
733
461
2076
1829
1048
382
1166
1245
916
777
855
1490
1252
846
642
935
1522
1668
1011
155
1904
1078
1249
863
1688
464
1974
825
838
2326
1233
688
1220
729
975
1981
1808
1487
551
1403
1066
1365
946
1695
1449
991
1002
152
534
1492
1992
1639
423
322
764
833
471
646
1270
159
538
1345
427
877
794
1121
737
315
908
722
1458
943
204
364
1001
1857
772
514
835
1029
772
997
982
577
919
952
142
1789
953
1350
548
1337
1139
1144
1226
1988
1915
1106
980
480
957
1534
1692
1346
664
1372
2271
1452
460
1729
1077
1264
190
2934
2060
1081
1573
647
1490
909
1326
458
585
1153
1302
1199
319
779
2051
232
788
1691
279
1130
845
269
741
1391
1682
1349
156
1132
306
1133
1665
1352
1486
94
302
1263
1202
1905
993
1009
1520
776
121
1766
1293
1219
1068
712
204
1679
765
395
486
1637
1327
1103
727
1506
681
526
795
789
1184
579
1387
2271
1163
1505
1514
901
839
790
335
607
971
636
945
157
1025
1326
1490
828
100
454
170
1839
225
813
652
1816
1441
417
896
1607
1152
523
761
261
388
474
1341
1363
1002
1302
786
598
305
1335
1527
952
1735
1555
885
1273
585
710
1063
1522
2814
1541
688
2003
1030
512
1011
882
771
2038
359
1493
310
769
803
1377
912
802
267
546
782
797
1059
1940
1129
594
1463
495
1089
566
1755
813
665
1013
1615
961
584
1232
456
447
479
499
1131
339
2647
310
1199
313
1102
477
1290
1636
1492
395
1015
2426
1592
461
1296
1194
1701
1929
846
1015
1072
981
2351
709
1282
834
670
1184
717
431
159
766
570
1114
1964
113
710
437
1297
262
1819
1185
1633
720
1350
397
552
1031
1223
1568
158
1231
1130
300
454
814
1204
1178
242
1628
724
1079
1498
1126
1401
264
540
634
1341
539
1134
759
1223
649
155
1247
482
471
753
849
159
1315
1278
888
736
1342
1032
615
950
731
879
307
699
1302
2600
1367
1514
1997
1519
996
399
850
953
1528
362
302
1202
427
443
1261
2228
728
2285
1274
1437
580
873
1827
1575
650
560
215
1509
831
1553
1471
1254
1407
1511
823
1630
1170
1105
1272
980
1014
1467
1302
918
534
858
505
466
1532
1470
2058
1203
1361
207
487
1436
1896
784
477
914
1354
453
868
679
1849
912
1144
487
170
877
726
1344
1540
1186
906
673
465
990
148
1218
2102
464
1068
526
456
1576
1302
842
395
312
1206
626
957
1719
1644
776
1393
1784
1650
780
429
1991
513
813
2101
1350
486
867
1339
902
811
1035
1216
1089
514
2133
1628
501
1938
165
1024
1382
1630
926
776
1348
496
925
1552
413
1166
1046
1084
1227
592
144
973
1378
1801
1942
1732
778
151
372
925
1306
391
660
1065
896
450
308
1254
1276
1403
1205
662
388
464
1603
845
1207
481
980
303
1145
150
675
1311
1813
310
1856
325
1088
2384
841
443
1907
1022
1123
1076
639
1698
1278
551
794
606
148
954
528
1351
1710
421
1231
452
919
766
1693
388
1940
904
1023
1096
635
1141
920
583
452
1005
494
617
794
99
2114
935
776
1038
785
824
812
1435
1267
1055
445
572
1419
1651
1147
759
1104
1233
1567
1220
986
529
1794
771
250
1773
2317
1443
720
413
1636
1313
102
1517
1209
821
771
2138
715
684
1002
996
837
454
757
526
1259
2215
1253
741
666
1583
607
1105
1050
1493
1292
618
350
347
1227
589
1513
223
1548
629
342
1448
1615
237
1093
872
748
410
199
1388
1518
1750
716
524
304
1063
1945
458
974
2191
673
1506
1289
774
448
1595
1159
1244
556
812
1131
454
391
1297
587
1048
1215
1745
1318
892
909
986
898
1782
475
326
469
1033
1027
451
324
563
585
1482
1847
303
720
1388
131
1717
147
277
1889
1196
1063
1330
447
769
961
1098
838
1041
564
1167
1831
94
804
1019
873
624
1459
2303
836
1005
1163
772
92
109
1319
1660
1924
643
260
2095
933
447
1678
1248
160
669
1185
706
354
555
569
1459
914
1160
484
820
109
325
443
1439
278
882
1340
1698
650
567
880
1283
839
589
491
567
1080
733
1511
1469
1127
625
1221
1100
661
1164
1422
1686
997
1812
571
1489
483
787
1162
884
1120
215
786
1509
1487
1529
140
490
1922
1355
1080
252
1688
1071
872
1176
1467
1591
1697
394
1390
420
1416
1262
610
1812
453
145
268
1561
1514
1355
550
434
752
1289
1638
468
1591
2468
983
1975
1654
706
455
1065
471
1142
922
1323
1254
892
314
461
1131
538
944
100
1690
460
486
547
408
502
1089
896
1885
581
523
2229
450
848
723
1273
474
1779
1108
1507
86
626
148
857
715
105
1414
852
1946
743
1622
751
755
935
1321
306
1000
697
526
1004
1582
658
1044
1160
802
255
1428
1113
944
111
1815
2176
843
1145
1355
1530
1628
838
1149
1251
1649
928
795
1227
1396
1264
561
813
2007
1461
1384
1099
131
1086
331
1497
1554
929
1249
795
503
1483
1139
1176
1917
2250
2183
855
1631
884
1335
1364
1116
437
587
227
466
757
305
587
963
1107
455
1154
1060
1136
800
881
176
813
1959
1721
668
585
1064
832
100
1373
317
1461
793
1339
259
302
1097
562
1354
812
1087
455
1117
461
1726
1060
203
1122
1403
947
780
729
1172
774
948
1054
1166
344
2064
489
1209
441
1509
879
799
805
1453
514
724
653
167
971
263
106
1353
1481
98
356
2082
1170
1010
1141
1094
1455
772
1796
595
1639
482
1146
1035
384
458
557
159
836
392
1181
1172
1446
424
563
2401
467
688
1145
1306
1862
209
1341
1802
1329
1586
1036
858
960
996
2172
991
732
1675
1409
1069
1752
1038
450
103
826
971
401
1094
1531
1559
1123
137
1281
325
1530
1658
1164
1038
435
1018
1832
1386
1319
2085
674
797
366
722
1214
589
355
1289
1871
535
2500
889
466
877
1595
2360
1229
114
648
1319
2005
96
2077
1675
1390
535
152
543
1057
884
922
340
105
1313
757
1129
1021
748
1272
966
594
978
397
772
1641
836
1904
874
1385
1356
1509
393
1449
154
614
744
591
280
318
1711
1033
1126
179
928
715
280
271
1379
1194
1518
1437
857
627
835
1044
435
1194
502
642
414
1997
964
430
446
451
1012
939
1767
1126
983
945
1268
510
151
557
1482
1121
1624
740
1727
1383
733
300
1022
302
1576
606
1616
862
1481
651
149
149
1683
840
582
1631
1768
1048
396
1772
523
2038
1501
1213
1071
1278
1308
1606
1033
659
1428
961
474
747
285
1018
958
1383
1647
282
156
533
1301
1386
1656
872
879
1267
1711
1344
1858
1616
902
406
516
159
657
155
474
455
900
106
1696
1626
942
1100
809
637
1153
1111
733
1364
1755
1440
939
1745
916
995
938
2128
1800
156
946
1614
2055
1137
606
836
1341
160
1229
690
980
1529
1743
1754
662
2164
896
341
456
1168
730
602
644
1500
164
931
2004
1782
296
823
274
495
1358
944
1606
2017
796
1763
448
1318
437
1449
105
1801
1595
1005
154
1988
1378
1362
918
1408
101
773
1807
456
460
1876
1048
334
1730
1488
599
663
312
705
964
451
1217
691
564
819
1469
153
875
617
2181
1719
457
688
1877
1166
900
960
541
710
489
391
425
452
1053
1378
1875
285
457
978
1165
282
1799
272
1178
528
1864
926
531
1004
900
549
305
273
1215
572
1043
221
2048
2036
1626
236
1075
913
1744
853
1156
602
437
995
1114
815
606
822
446
503
544
2067
816
1507
1114
454
726
880
2624
159
566
347
1199
804
1371
1780
1190
638
211
354
646
1424
459
2293
1548
884
949
918
1608
946
476
717
1209
1495
798
2259
811
1352
551
640
1630
1106
1824
2355
715
335
605
889
651
1541
341
1160
926
1071
319
917
1087
1189
1761
390
1138
693
157
1609
943
1119
155
1906
1296
627
837
863
2163
1522
271
878
389
1271
459
992
897
1716
531
1359
875
401
1463
164
1021
105
905
836
1103
510
1964
1065
449
562
753
613
801
1110
1475
1529
2561
1096
245
871
2312
1156
1366
587
505
354
559
287
1522
818
364
637
1188
1704
551
476
843
1376
1009
970
1247
765
441
764
1495
345
1822
820
762
993
93
945
559
457
1504
577
737
1288
780
1308
312
1566
460
689
1471
2159
1665
326
1519
1190
1492
718
458
1718
811
850
1696
537
465
1239
451
1010
1399
769
247
1675
1107
602
1156
1481
516
1160
751
498
272
894
1517
272
1501
1033
1986
510
284
509
1464
1438
1321
897
1216
1864
200
1216
334
1026
745
1731
694
754
730
765
1308
285
1342
735
1357
1567
2477
1181
100
956
912
1218
958
1093
709
584
358
972
265
299
1387
1033
1251
2237
870
859
1007
1167
980
1877
486
1338
874
505
1120
539
394
499
1325
1128
872
1387
1041
527
104
1014
1301
684
1080
1248
427
1065
320
1148
1244
1541
788
878
1460
524
613
302
1145
710
2078
804
1613
173
1133
1660
509
318
2012
1467
1033
1869
1472
1134
1034
1650
1450
301
1644
1375
218
206
166
1048
406
1144
1205
622
722
1581
1026
1593
686
1725
1440
1356
213
1240
2081
456
1350
1208
490
280
1264
1459
596
400
482
1028
1219
1384
444
302
2020
1444
1082
768
1139
1489
779
1347
914
1787
447
502
879
768
722
439
829
1886
978
1170
2704
1705
1220
444
952
900
1462
1155
1388
1913
522
1859
1675
97
1193
1392
697
1095
1129
1224
1564
1633
399
466
921
1358
602
879
1087
1494
1344
596
312
802
1137
1189
1029
723
460
1679
790
844
493
1473
1126
547
1476
1381
579
630
942
2152
1486
843
808
1532
696
1644
296
1429
1049
588
910
167
734
1179
261
2299
1298
799
711
1406
871
378
778
1149
1644
1048
1768
1247
943
1345
1630
1239
1584
1533
588
1002
1178
456
183
1547
1003
606
715
1387
313
125
1596
595
1299
1366
976
277
1182
1988
679
1248
532
1024
779
1864
276
2213
773
887
2438
1671
3015
144
1034
424
454
1288
448
851
1535
1385
475
573
863
649
1499
320
1650
1531
1207
491
272
719
804
1107
1904
726
840
568
733
150
325
151
894
154
669
909
1175
895
2168
2093
1002
1958
209
2010
1777
616
1336
1667
1026
673
489
1702
1275
482
1127
394
746
2039
1372
462
460
739
1338
150
1204
919
190
1131
387
598
553
481
1337
597
1606
1222
488
599
976
848
454
980
214
714
1619
1282
3389
1166
1279
1817
1339
913
1353
1500
1421
1320
199
964
810
1796
1198
1074
1578
1284
1219
1869
1245
1993
1063
2862
930
1292
964
1168
307
1136
1110
285
927
721
298
852
1673
1709
882
246
122
2174
1258
844
801
712
1141
765
496
1500
1618
779
880
1200
462
262
740
1365
1214
930
2208
1469
1570
912
1165
628
1241
823
626
431
270
1443
1143
1619
364
142
1299
301
884
485
555
1211
1706
620
1250
559
1228
